-0.12246 0.5524566 0.3486495 0.3596322 0.8980537
-1.92257 0.2617444 0.9155664 0.01377194 1.729963
-1.082205 -0.2728252 0.1819954 1.508542 1.60447
-1.841476 1.62331 0.131389 1.481122 1.513318
-0.9424433 -0.185685 -1.101125 1.208115 -1.624939
0.1053783 -1.455443 -0.3540161 -0.09370004 1.100669
-1.963825 -1.447944 1.019443 -1.421417 -0.6045321
-1.583474 -1.285932 -1.454685 -0.08707112 0.5047364
0.1163887 1.760214 -0.3451165 2.12 -0.03437749
-0.7921541 1.475515 -0.7255572 0.312379 0.6919641
-0.5002908 -2.255869 0.04374133 -0.3688181 -0.9602224
0.1037663 0.4272891 -0.1704815 -1.54914 -1.5056
0.01604353 -0.1853643 0.3919333 -0.7567109 0.2314176
-0.9836134 0.5650808 1.616752 -0.2519641 -1.055879
-0.3482318 -0.04298997 -1.397554 1.490216 -1.039387
-0.236945 -0.9991415 -1.392543 0.9820053 0.3609409
-0.3375092 -0.6433876 -2.166885 0.633289 -0.1449141
-1.240027 0.5339593 -1.588265 -0.9909645 0.4832608
0.8106184 -0.2936646 -0.05345832 0.7351845 0.01498499
-0.1220018 -0.6467737 -0.8678583 -0.5087003 -2.077584
-0.2603365 0.45034 -0.1428816 -0.4867215 -1.195773
0.04694099 -0.1265317 -2.700715 -0.5708133 0.5915977
0.4869767 -0.1267999 -1.2592 0.201292 -1.916904
1.672739 0.4707896 1.414115 0.08429858 -1.802304
0.7537436 -0.3119431 -1.73256 -2.138563 2.365798
0.4847566 1.093238 0.3029084 1.015299 2.453593
-0.2456208 0.5415193 0.1968766 -2.071162 0.5125835
-0.4057619 0.356198 -0.3315709 0.08059114 -0.2615325
-0.8774502 0.7413088 -2.682963 -0.9494785 0.446262
-1.288829 -0.1578055 0.3478156 -0.05962247 1.476729
-0.6541647 -0.2568148 -1.254038 0.7710432 -0.9113519
-0.6933054 -0.6176684 0.7621232 -1.087158 -0.3997995
0.8277965 0.3554197 0.1591388 0.9553952 -0.3396423
-0.7273815 -1.697806 1.954138 2.666738 2.063379
0.8187834 -0.07965011 -0.4894494 0.8477187 -0.9590448
0.9286873 0.380965 1.494604 -0.4677044 0.2611573
-0.9926086 -1.063381 0.2742847 0.9453426 0.7261891
-0.2545127 1.48518 0.2302862 0.2780026 0.1470408
-1.196289 0.09013627 1.21927 -0.5614926 0.3368818
-1.5368 -0.2401297 0.5148655 -0.2388552 0.5818186
0.2701953 -1.34325 -0.8488889 -0.4076079 -0.6661505
-0.1032374 -0.9240511 0.4385995 -0.01210001 -0.6459107
1.344147 0.3346015 0.002893694 1.096953 1.163271
0.1007863 -0.3917525 -0.4110693 -0.9135813 -0.5403931
0.1213623 1.727738 -0.04419156 0.5448424 1.917352
-0.2365701 1.571623 0.4808501 0.04259715 0.4398236
-1.880565 -1.72407 1.883168 -0.03128735 0.999044
0.3003193 -0.005193609 -0.2403043 -1.770983 -0.1561993
1.915367 1.11012 -1.985709 0.8143659 1.098251
-1.440694 1.215238 -0.782885 -2.067086 0.3343544
0.2609383 -0.4343421 -1.873008 -0.8030445 0.3323221
0.01211264 0.8501064 -1.530868 -0.03155827 1.42764
-0.9270304 1.005609 -0.08595745 0.9380249 -0.5182957
-0.9345165 1.231585 -0.2395919 0.2731892 1.430825
-1.141017 0.8960067 0.08283791 0.3500729 -1.258291
0.8396862 -1.258421 0.1531137 -0.483701 2.210854
0.08082445 0.7161065 1.054456 0.2761697 -0.4202632
2.522502 0.002016521 -1.562243 -1.987784 -1.492054
0.2552414 -0.8144972 0.8338699 -1.152498 -0.1404497
1.176078 0.1869453 -0.6947742 -0.459443 -0.4750055
1.206057 0.9941102 1.539158 0.2918469 0.5105483
-0.540915 -0.6739139 0.6801512 0.1867148 -1.385532
-1.057294 0.3742386 -1.002517 -0.04266426 -0.005743027
-1.041594 -0.3252314 -0.608563 1.517266 0.2964655
0.3996955 0.7484998 -0.08807238 -1.085589 -0.08528732
0.4655019 -2.890257e-05 0.6163141 -0.6520502 0.4472416
-0.182582 -0.8064407 -1.809551 -0.7794547 -1.988327
0.9972356 -1.042122 0.2047633 0.2823056 0.1599849
-1.586286 0.5453263 -1.366537 -1.116048 0.1624723
1.511649 -0.3490815 -1.970242 -0.8473994 -1.770342
1.089671 -1.402433 0.9352311 -0.01199263 0.2600872
1.150895 1.167554 -1.18832 0.220546 1.134302
0.5109703 -1.497154 -1.117555 -0.757855 -0.7764332
-0.2635977 -1.198839 -1.352369 0.3452841 -0.9144018
0.3816946 -0.5519182 0.03470214 -0.5327008 0.9534494
0.6959745 -0.6722524 1.322995 -0.3474294 -0.530834
0.7340231 0.1545187 0.6586284 -0.9359834 -1.941783
0.03368604 -0.4452983 1.177442 -0.07715816 0.5511461
-0.4519778 -1.375105 0.004910406 0.9019614 -0.932536
0.5608504 0.3114231 1.392031 2.439843 -0.1844745
-0.6745562 0.2381266 0.5450859 -0.4488515 0.9712467
-1.547164 0.1969973 0.8387385 0.4959066 0.07942305
-1.057155 -0.7077995 -1.363545 0.6255924 -0.5770609
1.720291 1.636599 -0.1993601 0.5297151 -0.9844807
1.244709 0.4488643 0.2079172 -1.581341 0.8622256
1.309302 0.8884313 1.204967 2.108427 1.81914
1.896681 0.9549197 -1.063118 1.824255 -0.3778049
1.486347 -0.415827 -0.3291715 -0.04907631 2.117352
0.1537796 1.071803 -1.109458 0.07135746 0.2112525
0.5470629 0.4027133 0.6985297 0.1832296 1.974581
1.192781 -0.8893792 -0.4001359 -0.04300788 -0.01818999
-0.8934365 -1.049642 0.3620608 0.8765681 2.23182
1.588877 0.5824338 -0.7537122 0.1777746 -1.100583
-0.05167911 1.450051 0.7723101 0.7265461 1.547228
0.1252439 0.1103201 1.826572 -0.208423 -0.2232002
-1.973352 0.4044448 -0.7755114 -0.2358176 1.907381
0.2144235 -0.8176074 -1.302584 -0.4070828 3.021602
0.1419811 -0.7534045 1.165161 0.5827536 -1.051571
-0.5178188 -1.077522 0.9923596 -0.01398861 -1.751661
0.863268 0.8502488 1.727389 1.453157 0.1232488
0.2159818 -1.392538 -0.07437819 -1.136039 -0.4295111
0.4795757 -0.6930696 -0.07713866 0.2622052 1.782135
0.1451128 -0.6319531 -1.158629 0.2719695 -1.024985
-1.98118 -0.9163724 -0.6274377 -0.65796 3.143767
-1.038598 -1.347826 0.5838179 -0.836347 0.3086407
-1.257543 1.346626 1.154432 2.545931 1.382671
-0.1525565 0.9196187 0.03454394 0.5019233 -0.3992397
0.9809735 -2.290536 -1.209401 -1.084128 1.318194
-0.3563885 -0.7984205 -0.5308845 -1.39977 1.075326
-0.006500895 -1.093567 -1.459113 0.801925 -1.780854
-1.09775 0.9140991 -0.6250234 1.026186 0.1544948
-0.7138091 0.05941525 -0.7873537 -0.5951746 -0.1191786
-0.4935703 0.2154492 1.024373 1.036686 -0.204095
0.7867292 -1.616448 -0.5955065 -0.003947719 -1.640762
-1.561261 0.7563385 1.034289 0.4484688 -1.568105
0.2749496 0.9769631 0.102922 -0.3950335 1.819059
-0.743716 0.1748392 0.629062 0.05418753 -2.911399
-0.092575 0.9705061 -0.6383916 -1.124849 0.2331053
-0.6782122 -1.118768 0.1216537 0.994587 -0.5186405
-0.5269607 -0.4362586 0.4023042 0.9344284 -0.8226924
0.1492579 -0.3123636 -1.259589 0.0519813 0.2044272
1.386982 1.175581 -1.492265 1.123275 -1.523451
-1.572588 -0.4596361 0.8437742 -1.392162 -1.146564
0.7400509 -1.428803 -0.6078552 1.646086 0.3991067
-1.037424 -0.230279 0.4666762 -1.046458 -0.516924
-0.4484047 -0.5994403 -0.07951265 0.7294466 -0.6283624
-0.3737185 -0.1606051 0.004868692 1.542962 1.127182
1.572816 -0.1057226 -0.5806754 0.3511481 1.8387
0.7734809 -0.3680665 0.2419837 0.3909011 0.43373
-0.005977962 1.203244 -0.6773247 0.3541363 -0.07051474
0.343805 -0.2504563 -0.2426262 -0.6882665 0.3946581
-0.5644457 1.804666 -0.6287703 -0.7473753 0.740315
0.5523018 0.5939277 -0.3929689 -1.503683 -0.05222772
-0.7860975 0.6818887 0.854787 0.3066822 -0.09549083
-1.640741 -0.2264148 0.5271845 1.915037 1.784017
-0.2168216 -1.126606 0.0559281 0.2234275 -1.031502
1.841291 0.2880221 -0.04812708 0.6026586 -1.29644
1.126151 1.200552 1.838185 1.026272 -0.399231
0.8536839 -0.4722387 0.4198137 1.776616 0.8598972
-0.1585954 -0.1645783 -1.038237 -0.9256942 0.515604
0.5683032 0.9520432 1.244209 0.7995387 -0.2429687
-2.184971 -0.758617 1.378461 0.7305654 0.05544405
3.489664 0.7058789 -0.6645017 0.06193345 -0.4268122
0.9591338 1.454887 -1.11606 -1.210261 0.4168625
0.1541517 0.5171912 -0.1172017 0.01488788 1.044928
-0.2149226 -1.522716 -0.5591664 1.211412 -1.243455
-0.383005 0.5261898 -0.5142348 0.1392531 -0.4970767
0.08918789 -0.4841808 -0.6773457 0.1429518 0.2054759
-0.04433852 0.3324413 -0.1954955 0.9498958 0.3521686
-0.9895017 2.469061 0.8383061 -0.1852312 0.8484077
1.650894 0.2017592 0.8139997 1.052358 -0.8471807
0.4378037 1.114081 -0.2470166 -0.04485376 -0.7307105
-0.03003212 -0.3650802 0.4514091 -0.4744248 0.9512015
0.05716951 -1.119778 -0.01803299 -0.8641811 0.6547856
1.076228 0.8223158 0.5744162 -1.129822 0.9992696
-0.6940852 -0.503248 2.315627 -0.3157142 0.2897885
1.02346 1.528178 -0.3070396 -0.6283223 0.07688939
0.3766392 2.088969 -0.8109001 0.3039835 -0.6384263
1.11834 -0.08037353 0.4155243 -0.6167313 1.707566
-1.070699 1.111165 2.408571 -2.301263 0.09342869
0.5534009 -1.116797 0.5740307 1.204335 0.7274956
-0.7023848 0.8297171 -1.382036 -0.6237839 1.448798
-1.331681 0.9691262 -0.7315476 -1.222697 0.8034179
-0.2659892 -1.796324 -0.104632 0.3969343 0.3384987
1.16224 -0.8276765 0.4658936 -0.06591407 0.894027
-0.2223839 -0.6770262 -0.7211557 -2.191166 -0.6522113
-0.7804001 -0.2310297 -1.290508 0.5137039 0.5976914
0.001097116 1.731968 1.100556 -0.1849082 -0.7454847
-1.670221 0.8201225 -0.4451939 -2.917918 0.6504802
0.2912895 2.112537 0.4804377 0.2463238 1.492695
-1.548397 -0.6884256 -0.2522242 -0.9170233 -0.157842
1.722394 -1.242183 -0.0001483201 -0.8380698 -1.069895
1.016867 0.6735486 -0.7381387 0.3987031 1.755917
1.753045 -1.087662 0.4459199 -2.032061 -0.7420972
-0.6276789 -0.2224558 0.3617011 0.7988018 0.8961776
0.3694251 -1.150758 0.8693091 1.468684 -0.468539
-1.014639 -0.7261057 1.443996 0.2845018 2.814327
-1.088876 0.001892937 1.7344 -0.3399549 0.5878055
-1.130706 -0.8808041 -0.7240836 1.347393 0.5155909
-0.7829189 0.07969842 1.460628 1.117665 -0.228375
-0.9598381 0.8789497 0.6760329 1.042626 0.8920711
1.217271 0.03385578 -0.2794129 -1.062214 -1.263106
2.157817 0.5162518 -2.217917 -1.111235 0.03024287
-0.389325 1.561219 0.2138137 0.2587278 -0.8539224
0.3264324 0.2113754 -0.6495494 0.04695363 1.254374
-0.04710162 0.1973752 -1.385673 -1.595653 0.1961495
0.6076248 -1.192071 -0.3196035 0.03056916 -0.3583488
0.5889427 -0.04102874 -0.4698382 2.154465 -0.7968161
-1.471211 0.4448991 1.059716 -1.076252 1.841228
0.5863865 -0.2726855 1.933882 -1.678856 -0.3755363
-0.3413965 0.05774709 -0.8484704 -0.8849594 -0.3924457
0.8781667 -0.991811 -1.008182 -1.70552 2.185595
0.8676467 1.144561 -0.4733139 -0.4854417 1.142722
-1.463127 1.081103 -0.06623798 -3.201812 0.4751744
-0.7333914 -1.734556 1.722389 -0.6505834 -0.9849318
-1.494263 0.2073942 -1.646495 -1.295993 0.4745057
0.2777947 -0.1226999 1.284559 0.0941129 1.301373
-1.026203 0.170139 -0.7313784 0.3577588 -0.5320411
-0.1358399 0.3705247 -0.1076631 0.172164 1.508089
-0.8239162 1.050497 1.157021 -0.2374182 0.6432161
