0.6871354 0.651873 -1.994372 1.036158 -2.71342
-2.086738 0.1305773 0.7555129 1.422744 3.220111
1.353769 -0.7162831 1.231389 0.1864581 1.745166
-2.078007 -1.391762 0.06033621 -0.274201 0.6187238
-0.7644209 -1.537166 -1.666938 1.981716 -1.351243
0.8206447 -0.6651955 -1.141931 0.5826731 1.806772
-2.03048 -1.691303 -0.4018849 -1.789077 -2.214704
-2.755038 -0.8629751 -1.229662 0.1672354 2.020296
-1.110314 0.6540825 0.4365294 2.438423 -0.6049462
1.701527 1.550665 0.5990848 0.2891185 -0.2022496
-2.604721 -2.993569 0.779379 -1.34946 -0.8907485
0.4059311 0.3001793 -1.060472 -0.5288223 -1.841081
-0.4818247 1.948092 1.541928 -2.132922 -0.1690491
-0.3328979 -0.02074425 1.045523 -1.771127 0.5726096
-0.2667722 -0.8265175 -2.311571 3.545873 -1.498264
-1.171702 -1.832399 -1.07794 0.686111 -0.03700434
-1.22926 -0.01444636 -3.510612 1.094272 0.547803
-1.513857 0.702565 -2.391067 -0.3115707 0.6044472
2.473333 -0.8836534 -0.08025137 0.1982546 -0.9916468
0.112295 -1.308718 1.524035 -1.172149 -2.12128
-0.8785882 -0.6027001 0.79395 1.393993 0.4249442
0.394363 0.8710111 -1.492912 -0.3889286 0.8736759
0.2144604 0.4643237 -1.480256 -0.5789198 -3.40676
0.1225082 -0.7373417 2.079298 0.01992602 -1.685625
-1.356818 -1.129498 -2.153002 -1.739016 2.893105
-0.6958755 -1.335877 0.3602526 3.526692 0.8215652
0.910763 1.068997 -1.492147 -3.775751 1.739517
-0.5493362 1.281101 0.5870002 -0.7734378 -0.7963273
-0.4877366 -0.2691594 -1.190562 -0.7808434 1.544955
0.6456842 -1.601751 0.276376 1.030149 3.073095
-2.124845 -0.363768 -2.284938 -0.4006284 0.325743
-0.6038277 -1.281663 -0.2103493 -1.060981 -1.020212
2.093699 0.4578695 1.122473 1.436075 -0.01685437
-0.06052771 -1.060807 1.212462 2.874712 0.09818705
1.892815 1.339645 1.133032 1.73863 -0.755294
0.4977369 -0.5523247 -0.184016 -0.2758526 0.7648661
-3.28234 -1.879141 1.796385 -0.337657 0.7788798
-0.7598309 2.851705 1.484688 0.06317428 0.3281908
-1.066681 -1.410995 2.097593 -0.9168927 0.329045
0.4589519 -0.2468031 0.3993812 -0.3662197 1.43223
-0.6200115 -0.3830293 0.4199996 -0.1534906 -0.632351
-0.07050842 -0.6632751 1.765779 -0.07182671 -0.2684302
2.718774 0.988165 -1.456016 1.326374 2.349555
-0.150094 -0.7703913 -1.241577 -1.094058 -1.239926
1.164176 2.795271 2.071088 1.616656 2.296214
0.172472 2.211683 -0.757522 0.0891919 0.9291379
-1.015123 -2.864583 2.315192 -0.5904658 0.4451974
-0.6192598 -0.6970277 -2.461432 -0.6209426 -0.277409
2.497673 1.333085 -1.460889 0.7417905 -0.004736258
-3.567371 -0.1205438 -0.9158615 -0.1184486 0.4695523
1.110945 -0.2680628 -1.618583 -0.1309248 1.553404
2.380715 2.40281 -2.73828 0.4832589 1.55722
-3.03736 1.055626 -0.008441895 0.876716 -0.21025
-1.360174 1.24409 0.104168 0.7431628 1.685096
0.2740471 1.612393 0.5617473 -1.254809 -1.562791
0.9427678 -1.133529 -0.8401544 -0.1859315 1.80969
0.1726853 2.738761 0.0810381 -1.723128 -0.2641954
2.531953 -2.200743 -2.65897 -2.520366 -0.9596316
1.143364 -1.392981 -0.491786 -1.764669 -0.3367366
1.479038 1.038794 -1.432813 -1.004645 -2.610619
0.88001 1.317899 1.7811 -0.3527311 1.071162
2.156177 -1.293935 -0.7937574 0.3541854 -0.5227017
-2.018637 1.407068 -1.505152 -0.3612969 0.2241633
0.2140512 -1.269444 -0.2914978 1.317596 0.6736433
1.969648 1.261865 0.009820486 -2.467976 1.563692
-0.4922243 2.182756 -0.6103213 -0.349103 -2.13103
-0.1753053 0.006878476 -1.470944 -0.5112307 -0.8712093
2.205915 -0.8317113 1.397003 0.04119124 0.3665775
-0.8978882 -0.1518071 -1.748712 -0.3500991 0.1137845
0.1849282 -1.816849 -1.818759 -0.2378991 -1.307803
1.307853 -2.349925 -0.9267977 0.8901447 -0.0006025104
0.6925096 -1.136013 -1.362639 0.715697 0.1741915
0.8690677 -1.24709 -2.212337 -2.867447 -0.9242731
-0.3240426 -1.230217 -0.8169051 -0.06171712 -1.784687
-1.073431 -1.906461 -0.01971453 -2.589566 1.813464
0.008597359 0.02225257 0.9064215 -0.6564935 -0.2937849
0.3146363 -0.3791591 1.185324 -1.902781 -3.174395
-1.715896 0.09216222 2.061403 0.248162 0.01877629
-0.9173183 -1.369184 0.7737767 0.3434792 -1.045565
-0.6409706 0.5423793 1.212496 3.349593 0.2706605
-1.777373 0.6725052 1.750902 -1.46952 2.789131
-1.954375 1.521084 1.848377 0.952674 -1.245244
-1.280818 0.9362582 -1.180331 1.133652 -2.517999
3.320869 -0.1385464 -0.1641342 -1.734411 -1.786155
1.729829 1.947653 0.5813387 -1.937323 2.353502
2.238065 2.304857 2.013635 0.09744343 1.226733
1.406528 0.3565036 -0.7446546 1.77388 -0.5746598
0.1579584 0.1619401 -0.1833161 -1.789183 1.437601
1.301526 0.7853497 -0.8952193 -1.623335 1.912135
-0.1133326 -1.277396 -0.5862943 1.453301 1.212067
3.732695 0.9026162 -1.897122 0.2926175 0.8637749
-0.8696511 0.05476818 1.029448 2.862122 1.454192
2.921236 1.075292 -1.364697 1.450853 -0.1975249
-0.4845289 1.757955 0.3841978 0.1976051 1.636572
1.212345 0.01950366 1.070551 1.150014 -1.086128
-2.563561 -0.1900617 -0.2514763 1.039146 2.64224
0.66432 -2.099294 -1.752229 0.03860967 2.39991
0.7052809 -0.162382 1.452448 -0.6849414 -2.084961
-1.770984 -0.1681689 2.855107 2.260404 -1.644624
1.553301 0.7850315 4.044712 1.229544 0.1380082
0.8618265 -1.945484 0.606196 -1.008256 -0.1042741
0.09497412 0.9847138 -0.01362746 0.3317509 3.282189
0.838212 1.107841 1.456277 0.3011568 -1.574923
-0.8127196 -0.7547017 -0.8245602 -0.8429553 3.704262
-0.09001966 -2.119643 1.05542 -1.401206 -0.01923131
-1.835526 2.801968 0.8259606 1.312374 1.183962
-0.7487547 1.661578 0.919556 0.2503678 0.7364053
0.6454196 -2.202677 -0.000164442 -0.1979318 0.9053007
0.1043566 -2.274471 -1.693875 0.6822328 1.590967
0.3230848 -0.6663325 -1.348033 3.992332 -2.263564
-2.255232 1.216809 -0.8303185 -0.5135599 -0.7601124
0.15459 1.685083 -0.5993702 -0.7082668 -0.1409494
-1.651141 -0.8194389 0.908389 1.103699 -0.09233892
1.023348 -1.882267 -1.407594 -0.5096017 -2.628872
-1.713086 1.853835 0.3406344 0.9495277 1.785319
0.004809067 1.467857 1.264863 -0.1356262 2.276187
0.2520603 0.01798527 0.7646099 -0.4593955 -3.502433
-0.3590975 2.986429 -0.4411926 -1.144182 0.2735171
-1.421999 -0.7367603 2.084295 1.896477 0.2788889
0.7424362 -0.2025108 0.1406735 0.5823178 -1.220101
1.513798 0.1444678 0.938773 -0.6286037 -0.7305389
2.352542 2.159293 -0.7885395 1.830343 -2.078232
-2.61889 -0.9741928 1.09545 0.464336 -1.058827
0.5580251 -1.401694 -0.3337896 1.805183 -1.910477
0.4142268 -1.520907 0.7207322 -0.1601452 0.07870409
0.1754637 0.2158148 0.9054489 -0.00343842 0.5138794
0.1753842 -1.463998 -2.105853 3.005418 0.9567585
-0.2706835 0.3475032 -0.8845511 1.336188 2.501267
0.3906381 0.3387614 0.6650702 1.412467 1.689245
-0.4306801 2.684008 -1.497825 1.269485 1.971809
0.7700364 1.215427 -0.2995865 -1.479978 0.5148333
0.08653205 0.9332759 -0.09273375 -1.03173 0.7344716
0.2167966 0.05776905 -1.029632 -2.159225 2.862506
-0.484387 1.684649 0.1236738 0.6911947 0.9805937
-0.2992645 0.08784061 0.2632657 2.629389 2.113858
0.7380967 -1.29021 1.075667 -0.1700428 1.578356
3.000156 0.5266584 -1.340806 -0.3267513 -1.970894
0.3011225 2.315769 1.78424 1.963632 -0.2901353
0.00576844 1.155751 0.7065587 2.336275 1.031509
-0.8865024 1.043438 -1.14518 -1.912007 -0.4072298
-0.5341699 1.610102 1.822605 0.2363331 0.7444469
-0.7986774 1.440565 3.65749 1.514047 -0.9165329
4.07165 0.9404376 -0.3365755 -0.4772017 0.09702958
1.46 1.488928 -1.460573 -1.370508 0.9897918
-0.7545075 0.6094568 0.7787644 0.8158014 -0.1087662
0.1962411 -0.769892 -0.06006187 -0.5402385 -2.510426
-0.03033634 1.322129 -1.451146 0.1165183 1.174081
-0.8809704 -1.552959 -1.126209 -1.519702 0.164909
1.462423 0.216329 0.6288737 0.6068042 0.8383105
-1.269555 4.37777 -0.9063244 -1.355426 0.5713642
2.533582 0.4807682 0.3828758 -0.5848373 -0.5364816
1.180662 0.6098209 -1.689511 1.437829 -0.3986876
1.536203 -1.86127 0.1714007 -0.6851611 0.5970589
0.8960037 -1.261098 -1.033671 -2.80963 0.5594593
0.9532789 2.050422 2.317234 -1.281995 3.376861
-1.356604 0.1584346 1.617893 1.635722 0.04236001
-0.9855032 1.780691 1.892766 0.1619697 -0.3350404
-0.1068321 2.672352 -1.038956 0.6371785 -0.09148235
1.686605 -0.008417734 -0.6096098 0.1465681 1.190449
-1.537862 0.438825 -0.2399729 -2.520297 1.218456
1.051682 -0.2135766 0.1559273 2.679055 -1.285855
0.956727 0.9857681 -1.5505 0.5686836 1.952967
-2.69951 0.2692114 -1.910553 -1.539221 0.8096395
0.0741964 -2.273876 0.9871442 -0.2793138 0.291609
3.724635 -0.7085139 0.03395391 -1.305088 1.891029
-0.1037629 -0.6213301 -1.165225 -2.507948 -1.231173
-2.154778 -1.133594 -1.837182 0.4217832 1.070732
-0.05099563 1.222021 0.1587364 0.2776111 -1.015988
-1.533871 1.298392 1.024216 -3.709192 -0.8197428
0.7021597 3.112679 0.1678967 -0.259801 2.385606
-1.773278 1.457002 0.3021886 0.6602413 0.5263716
1.295835 -0.5681048 -0.3219145 -1.014455 -1.493082
1.204437 0.7705512 -1.514382 1.144638 1.561308
0.4550785 -1.813804 -0.2453581 0.09853902 -1.093448
-2.164756 -0.741864 -0.06454226 1.182233 1.247081
0.03783134 -0.3484844 3.188119 0.8245315 -0.8353724
-1.244049 1.005539 0.5022085 1.029785 2.245891
-3.054609 1.345664 1.432742 -0.1342355 0.3684403
-0.4788146 -1.290602 0.4607508 1.019939 -0.08777403
-0.767801 2.300679 3.590779 2.260301 -0.3400279
-1.202938 1.043324 -1.740344 0.9697791 0.08656663
0.7539076 0.2476143 0.3653829 -1.548466 -2.110685
2.404668 1.30874 -3.359549 -1.546648 -1.627849
-0.1679041 2.120363 0.7536767 1.488122 -1.452629
1.326158 0.06346711 0.7282221 -0.4299435 0.6670303
0.4070618 0.6640832 -1.668226 -1.270467 -0.3882173
-1.322901 -3.827089 -1.979733 -1.268213 0.2449523
-0.2332571 -0.1112453 -1.31199 1.908784 -1.609172
-1.512859 2.222013 0.09666093 0.3341896 2.467909
0.1184912 -0.2031283 1.004153 -1.746256 -0.03179562
-1.47057 -1.254907 0.5685714 -1.212318 -0.9279318
-0.9822682 -2.768947 -0.3675602 -3.941261 1.831251
1.450548 1.220202 -1.114362 -0.03825115 0.6332125
-2.011086 1.030538 -0.1992727 -3.682018 -1.601571
-0.6997023 -2.516827 2.269526 0.791445 -1.724984
0.0601458 1.285788 1.060596 -2.489307 -1.937836
-0.6813531 -2.052009 3.303796 0.387271 0.8842641
-0.9874386 1.284624 -2.172541 1.60639 -1.131977
0.9092202 -0.3639373 0.3186402 -0.01190075 2.663966
-0.172826 0.7781398 1.16385 -0.3107113 -0.393789
